0 0,0,0,0,0,0,0,0,0,0,0,0,0,0,0,0,0,0,0,0,0,0,0,0,0,0,0,0,0,0,0,0,0,0,0,0
1 0,0,0,0,0,0,0,0,0,0,0,0,0,0,0,0,0,0,0,0,0,0,0,0,0,0,0,0,0,0,0,0,0,0
2 0,0,0,0,0,0,0,0,0,0,0,0,0,0,0,0,0,0,0,0,0,0,0,0,0
3 0,0,0,0
4 0,0
5 0,0,0,0,0,0,0,0,0,0,0,0,0,0,0,0,0,0,0,0,0,0,0,0,0,0,0,0,0
6 0,0,0,0,0,0,0,0
7 0
8 0,0,0,0,0,0,0,0,0,0,0,0,0,0,0,0,0,0,0
9 0,0,0,0,0,0,0,0,0,0,0,0,0,0,0,0
10 0,0,0,0,0,0,0,0,0,0,0,0,0,0,0
11 0
12 0,0,0,0,0,0,0
13 0,0,0,0,0,0,0,0,0,0,0,0,0,0,0,0,0,0,0,0,0,0,0,0,0,0,0,0,0,0,0,0,0,0,0,0,0,0,0,0,0,0,0,0,0,0,0
14 0,0,0,0
15 0,0,0,0,0,0,0,0,0,0,0,0,0,0,0,0,0,0,0
16 0,0,0,0,0,0,0,0,0,0,0
17 0,0
18 0,0,0,0,0,0,0,0,0,0,0,0,0,0,0,0,0,0,0,0,0,0,0
19 0,0,0,0,0,0,0,0,0,0,0,0,0
20 0,0,0,0,0,0,0,0,0,0,0,0,0
21 0,0,0,0,0,0,0,0,0,0,0,0,0,0,0,0,0,0,0,0,0,0,0,0,0,0,0,0
22 0
23 0,0,0,0,0,0,0,0,0,0,0,0,0,0,0,0,0,0,0,0,0
24 0,0,0,0,0,0,0,0,0,0,0,0,0,0,0,0,0,0,0,0,0,0,0,0,0,0
25 0,0,0,0,0,0,0,0,0,0,0,0,0,0,0,0,0,0,0,0,0,0,0,0,0,0
26 0,0,0,0,0,0,0,0,0,0,0,0,0,0,0,0,0,0,0,0,0,0,0,0,0,0,0,0,0,0,0,0,0,0,0,0,0,0,0,0,0,0,0
27 0,0,0,0,0,0,0,0,0,0,0,0
28 0,0,0,0,0,0,0
29 0,0,0,0,0,0,0,0,0,0,0,0,0,0,0,0,0,0,0,0,0,0,0,0,0,0,0,0,0,0,0,0,0,0,0,0,0,0,0,0,0,0,0,0,0,0,0,0,0,0
30 0,0,0,0,0,0,0,0,0,0,0,0,0,0,0,0,0,0,0,0,0,0,0,0,0,0,0,0,0,0,0,0,0,0,0,0
31 0,0,0,0,0,0,0,0,0,0,0,0,0,0,0,0,0,0,0
32 0,0,0,0,0,0,0,0,0,0,0,0,0,0,0,0,0,0,0,0,0,0,0
33 0,0,0,0,0,0,0,0,0,0,0,0,0,0,0,0,0,0,0,0,0,0,0,0,0,0,0,0,0,0,0,0,0,0,0,0
34 0,0,0,0,0,0,0,0,0,0,0,0
35 0,0,0,0,0,0,0,0,0,0,0,0
36 0
37 0,0,0,0,0,0,0,0,0,0,0,0,0,0,0,0,0,0,0,0,0,0,0,0,0,0,0,0,0,0,0
38 0,0,0,0,0,0,0,0,0,0,0,0,0,0,0,0,0,0,0,0,0,0,0,0,0,0,0
39 0,0,0,0,0,0,0,0,0,0,0,0,0,0,0,0,0,0,0,0,0,0,0,0,0,0,0,0,0,0,0,0,0,0
40 0,0,0,0,0,0,0,0,0,0,0,0,0,0,0,0,0,0,0,0,0,0,0,0,0,0,0,0
41 0,0,0,0,0,0,0,0,0,0,0,0,0,0,0,0,0,0,0,0,0,0,0,0,0,0,0,0
42 0,0,0,0,0,0,0,0,0,0,0,0,0,0,0,0,0,0,0,0,0,0,0,0,0,0,0,0,0,0,0,0,0,0,0,0,0
43 0,0,0,0,0,0,0,0,0,0,0,0,0,0,0,0,0,0,0,0,0,0,0,0,0,0,0,0
44 0,0,0,0,0,0,0,0,0,0,0,0,0,0,0,0,0
45 0,0,0,0,0,0,0,0,0,0,0,0,0,0
46 0,0,0,0,0,0,0,0,0,0,0,0,0,0,0,0,0,0,0,0,0,0,0,0,0,0,0,0,0,0,0,0,0,0,0,0,0
47 0,0,0,0
48 0
49 0,0,0,0,0,0,0,0,0,0,0,0,0,0,0,0,0,0,0,0,0,0,0,0,0,0,0,0,0,0,0,0,0,0,0,0,0,0,0,0,0
50 0,0
51 0,0,0,0,0,0,0,0,0,0,0
52 0,0,0,0,0,0,0,0,0,0,0,0,0,0,0,0,0,0,0,0,0,0,0,0,0,0,0,0,0,0,0,0,0,0,0,0,0,0,0,0,0,0
53 0,0,0,0,0,0,0,0,0,0,0,0,0,0,0,0,0
54 0,0,0,0,0,0,0,0,0,0,0,0,0,0,0
55 0,0,0,0,0,0,0,0,0,0
56 0,0,0,0,0
57 0,0,0,0,0,0,0
58 0,0,0,0,0,0,0,0,0,0,0,0,0
59 0,0,0,0
60 0,0,0,0,0,0,0,0,0,0,0,0,0,0,0,0,0,0
61 0,0,0,0,0,0,0,0,0,0,0,0,0,0,0,0,0,0,0,0,0,0,0,0,0,0,0,0,0,0,0,0,0,0,0,0
62 0,0,0,0,0,0,0,0,0,0,0,0,0,0,0,0,0,0,0
63 0,0,0,0,0,0,0,0,0,0,0,0,0,0,0,0,0,0,0,0,0,0,0,0,0,0,0,0,0,0,0,0
64 0,0,0,0,0,0,0,0,0,0,0,0,0,0,0,0,0,0,0,0,0,0,0,0,0,0,0,0,0,0,0,0,0,0,0,0,0,0,0,0,0,0,0,0,0,0
65 0,0,0,0,0,0,0,0,0,0,0,0,0,0,0,0,0,0,0,0,0,0,0
66 0,0,0,0,0
67 0,0,0,0,0,0,0,0,0,0,0,0,0,0,0,0,0
68 0
69 0
70 1
71 1
72 1
73 1
74 1
75 1
76 1
77 1
78 1
79 1
80 1
81 1
82 1
83 1
84 1
85 1
86 1
87 1
88 1
89 1
90 1
91 1
92 1
93 1
94 1
95 1
96 1
97 1
98 1
99 14
100 41
101 1
102 1
103 1
104 1
105 1
106 1
107 1
108 1
109 1
110 1
111 1
112 1
113 1
114 1
115 1
116 1
117 1
118 1
119 1
120 1
121 1
122 1
123 1
124 1
125 1
126 1
127 1
128 1
129 1
130 1
131 1
132 1
133 1
134 1
135 1
136 1
137 1
138 1
139 1
140 2
141 2
142 2
143 2
144 2
145 2
146 2
147 2
148 43
149 34
150 20
151 2
152 2
153 2
154 2
155 2
156 2
157 2
158 1
159 2
160 2
161 47
162 2
163 2
164 2
165 2
166 2
167 2
168 2
169 2
170 2
171 2
172 2
173 2
174 2
175 2
176 2
177 2
178 2
179 2
180 2
181 2
182 2
183 2
184 2
185 2
186 2
187 2
188 2
189 2
190 2
191 2
192 2
193 2
194 2
195 2
196 9
197 2
198 2
199 2
200 2
201 2
202 2
203 2
204 2
205 2
206 2
207 2
208 2
209 2
210 3
211 3
212 3
213 3,3,3,3
214 3,3,3,3
215 3,3,3,3,3,3,3
216 3,3,3
217 3
218 3
219 3
220 3
221 3
222 3
223 3
224 3
225 3
226 3
227 3
228 3
229 3
230 3
231 3
232 3
233 3
234 3
235 3
236 3,3,3,3
237 3
238 3
239 3
240 3
241 3
242 3,3,3
243 3
244 3
245 3
246 3
247 3
248 3
249 3
250 3
251 3
252 3
253 3
254 3
255 3
256 3
257 3
258 3
259 3
260 3
261 3
262 3
263 3
264 3
265 3
266 3
267 3
268 3
269 3
270 3
271 10
272 3
273 3
274 3
275 3
276 3
277 3
278 3
279 3
280 4
281 4
282 4
283 4
284 4
285 4
286 4
287 4
288 4
289 4
290 4
291 4
292 4
293 4
294 4
295 4
296 4
297 4
298 4
299 4
300 4
301 4
302 4
303 4
304 4
305 4
306 4
307 4
308 4
309 4
310 4
311 4
312 4
313 4
314 4
315 4
316 10
317 4
318 4
319 4
320 4
321 4
322 4
323 4
324 4
325 4
326 4
327 4
328 4
329 4
330 4
331 4,4,4,4,4
332 4
333 4
334 11
335 4
336 4
337 4
338 4
339 4
340 4
341 4
342 4
343 4
344 4
345 4
346 4
347 4
348 4
349 4,4,4,4,4,4,4,4,4,4,4,4,4,4,4,4,4,4
350 5
351 5,5,5
352 5
353 5
354 5,5,5,5,5,5,5,5,5,5,5,5,5,5,5
355 5,5,5,5,5,5,5,5,5
356 5
357 5
358 5
359 5,5,5,5,5
360 5,5,5
361 5
362 5
363 5,5,5,5,5,5,5,5,5,5,5,5,5,5,5,5,5,5,5,5,5,5,5,5,5,5,5,5,5,5,5,5,5,5,5,5,5,5,5,5,5,5,5,5,5,5,5,5,5,5,5,5,5,5,5,5,5,5,5,5,5,5,5,5,5,5,5,5,5,5,5,5,5,5,5
364 5,5,5,5,5,5,5,5,5,5,5,5,5,5,5,5,5,5,5,5,5,5,5,5,5,5,5,5
365 5,5,5,5,5,5,5,5,5,5
366 5,5,5,5,5,5,5,5,5,5,5,5,5,5,5,5,5
367 5,5,5,5,5,5
368 5,5,5,5,5,5,5,5,5,5,5,5,5,5,5,5,5,5,5,5,5,5,5
369 5,5,5,5,5,5,5,5,5,5,5,5,5,5,5,5,5,5,5,5,5,5,5,5,5,5,5,5,5,5,5,5,5,5,5,5,5,5,5,5,5,5,5,5,5,5,5,5,5,5,5,5,5,5,5,5,5,5,5,5,5,5,5
370 5
371 5
372 5
373 5,5,5,5,5
374 5,5,5,5,5,5
375 5
376 5
377 5
378 5
379 5
380 5
381 5
382 5
383 5,5,5,5,5,5
384 5,5,5,5,5,5,5,5,5,5
385 5,5,5,5,5,5,5,5,5,5,5,5,5,5,5,5
386 5
387 5
388 5,5,5,5,5,5,5,5,5,5,5
389 5,5
390 5
391 5,5,5
392 5
393 5,5,5
394 5
395 5
396 5
397 5
398 5
399 5
400 5
401 5
402 5
403 5
404 5
405 5
406 5
407 5,5,5,5
408 5
409 5,5,5,5,5,5,5,5,5
410 5,5
411 5
412 5
413 5,5,5
414 5,5
415 5,5,5
416 5
417 5
418 5
419 5
420 6
421 37
422 6
423 6
424 6
425 6
426 6
427 6
428 6
429 6
430 6
431 6,6
432 6
433 6
434 6
435 6
436 6
437 6
438 6
439 6
440 6
441 6
442 6
443 6
444 6
445 6
446 6
447 6
448 6
449 6
450 6
451 6
452 6
453 6
454 6
455 6
456 6
457 6
458 42
459 6
460 6
461 6
462 6
463 6
464 6
465 6
466 6
467 6
468 6
469 6
470 6
471 6
472 6
473 6
474 6
475 42
476 6
477 6
478 6
479 6
480 6
481 6
482 6
483 6
484 6
485 6
486 6
487 6
488 6
489 6
490 7
491 7
492 7
493 7
494 7
495 7
496 12
497 7
498 7,7,7,7,7,7,7,7,7,7,7
499 7
500 7
501 7,7,7,7,7,7,7,7,7,7,7,7,7,7,7,7,7,7,7,7,7,7,7,7,7,7,7,7,7,7,7,7,7,7,7,7,7
502 7
503 7
504 7
505 7
506 7
507 7
508 7
509 7
510 7
511 7
512 7
513 7
514 7
515 7
516 7
517 7
518 7
519 7,7,7,7,7,7,7,7,7,7,7,7,7,7,7,7
520 7,7,7,7,7,7,7,7,7
521 31
522 7
523 7
524 7
525 7
526 7
527 7
528 7
529 7
530 7
531 7
532 7
533 7
534 12
535 7
536 7
537 7
538 7
539 7
540 7
541 7
542 7
543 7
544 7
545 7
546 7
547 7
548 7
549 7
550 7
551 7
552 7
553 42
554 7
555 7
556 7
557 7
558 7
559 7
560 8
561 8
562 8
563 8
564 8
565 8
566 8
567 8
568 8
569 8
570 8
571 8
572 8
573 8
574 8
575 8
576 8
577 8
578 8
579 8
580 8
581 8
582 8
583 8
584 8
585 8
586 8
587 8
588 8
589 8
590 8
591 8
592 8
593 8
594 8
595 8
596 8
597 8
598 8
599 8
600 8
601 8
602 8
603 8
604 8
605 8
606 27
607 28
608 8
609 8
610 8
611 8
612 8
613 8
614 8
615 8
616 8
617 8
618 8
619 8
620 8
621 8
622 8
623 8
624 8
625 8
626 8
627 8
628 8
629 8
630 9
631 9
632 9
633 9
634 9
635 9
636 9
637 9
638 9
639 9
640 9
641 9
642 9
643 9
644 9
645 9
646 9
647 9
648 9
649 9
650 9
651 9
652 9
653 9
654 9
655 9
656 9
657 9
658 9
659 9
660 9
661 9
662 9
663 9
664 9
665 9
666 9
667 9
668 9
669 9
670 9
671 9
672 9
673 9
674 9
675 9
676 9
677 9
678 34
679 9
680 9
681 9
682 9
683 9
684 9
685 9
686 9
687 9
688 9,9,9,9,9,9,9,9,9,9,9,9,9,9
689 9,9,9,9,9,9,9,9,9,9
690 9,9,9,9,9,9,9,9,9,9,9,9,9,9,9,9,9,9,9,9,9,9,9,9,9
691 9
692 9,9
693 9
694 9
695 9
696 9
697 9
698 9
699 9
700 10
701 10
702 10
703 10,10,10
704 10
705 10,10
706 10
707 10
708 10
709 10
710 10
711 10
712 10
713 10
714 10,10
715 10
716 10
717 10
718 10
719 10
720 10
721 11
722 10
723 10
724 10
725 10
726 10
727 10
728 10
729 10
730 10
731 10
732 10
733 10
734 10
735 10
736 10
737 10
738 10
739 46
740 10
741 10
742 10
743 10
744 10,10
745 10
746 10
747 10
748 10
749 10
750 10,10
751 10,10,10,10,10,10,10,10,10,10
752 10
753 10
754 10
755 10
756 10
757 10
758 10
759 10
760 10
761 10
762 10
763 10,10
764 10
765 10
766 10
767 10
768 10
769 10
770 11
771 11
772 11
773 10
774 11
775 11
776 11
777 11
778 11
779 11
780 11
781 11
782 11,11
783 11
784 11
785 11,11,11,11,11,11,11,11
786 11
787 48
788 11
789 11
790 10
791 11
792 10
793 50
794 11
795 11
796 11
797 11
798 11
799 11
800 10
801 11
802 11
803 11
804 11
805 11
806 11
807 10
808 11
809 11
810 11
811 11
812 11
813 10
814 11
815 10
816 11
817 11
818 11
819 11
820 11
821 11
822 11
823 11
824 11
825 11
826 11
827 11
828 10
829 11
830 11
831 11
832 11,11,11,11,11,11,11,11,11,11,11,11,11,11
833 11
834 11
835 11
836 10
837 11
838 11
839 11
840 12
841 12
842 42
843 12
844 12
845 42
846 12
847 12
848 42
849 12
850 42
851 42
852 12
853 42
854 12
855 12
856 32
857 0
858 12
859 42
860 12
861 42
862 12
863 42
864 12
865 12
866 42
867 12
868 42
869 12
870 12
871 42
872 12
873 27
874 12
875 12
876 12
877 42
878 12
879 41
880 27
881 12
882 12
883 42
884 12
885 12
886 12
887 12
888 42
889 12
890 12
891 12
892 12
893 12
894 12
895 42
896 12
897 12,12
898 12
899 12
900 12
901 12
902 12
903 12
904 12
905 12
906 12
907 12
908 12
909 42
910 13
911 13,13
912 13
913 13
914 13
915 13
916 13
917 13
918 13
919 13
920 13,13,13,13,13,13,13,13,13,13,13
921 13
922 13,13,13,13,13,13
923 13
924 13
925 13
926 13
927 13
928 13,13
929 13,13,13,13,13,13,13,13,13,13,13,13,13,13,13,13,13,13,13,13,13,13
930 13
931 13
932 13
933 13
934 13
935 13,13,13
936 13
937 13,13,13,13,13,13,13,13,13,13,13,13,13,13,13,13,13,13
938 13,13,13,13,13,13,13
939 13
940 13
941 13
942 13
943 13
944 13
945 13
946 13
947 13
948 13
949 13
950 13
951 13
952 13
953 13
954 13
955 13
956 13
957 13
958 13
959 13
960 13
961 13
962 13
963 13
964 13,13,13
965 13
966 13
967 13
968 13
969 13
970 13
971 21
972 13
973 27
974 12
975 45
976 13,13,13
977 13
978 27
979 27
980 14
981 14
982 14
983 14
984 14
985 14
986 14
987 14
988 14
989 14
990 14
991 14
992 14
993 14
994 14
995 1
996 14
997 14
998 14
999 14
1000 14
1001 1
1002 14
1003 14
1004 14
1005 14
1006 1
1007 14
1008 14
1009 14
1010 14
1011 14
1012 14
1013 14
1014 14
1015 14
1016 14
1017 14
1018 14
1019 14
1020 1
1021 1
1022 1
1023 14
1024 14
1025 14
1026 14
1027 14
1028 14
1029 14
1030 14
1031 14
1032 14
1033 14
1034 14
1035 14
1036 14
1037 14
1038 14
1039 14
1040 14
1041 14
1042 14
1043 14
1044 14
1045 14
1046 14
1047 14
1048 14
1049 14
1050 15
1051 15
1052 15
1053 15
1054 15
1055 15
1056 15
1057 15
1058 15
1059 15
1060 15
1061 15
1062 15
1063 15
1064 15
1065 15
1066 15
1067 15
1068 15
1069 15
1070 15
1071 15
1072 15
1073 15
1074 15
1075 15
1076 15
1077 15
1078 15
1079 15
1080 15
1081 15
1082 15
1083 15
1084 15
1085 15
1086 15
1087 15
1088 15
1089 15
1090 15
1091 15
1092 15
1093 15
1094 15
1095 15
1096 15
1097 15
1098 15
1099 15
1100 15
1101 15
1102 15
1103 15
1104 15
1105 15
1106 15
1107 15
1108 15
1109 15
1110 15
1111 15
1112 15
1113 15
1114 15
1115 15
1116 15
1117 15
1118 15
1119 15
1120 16
1121 16
1122 16
1123 16
1124 16
1125 16
1126 16
1127 16
1128 16
1129 16
1130 16
1131 16
1132 16
1133 16
1134 16
1135 16
1136 16
1137 16
1138 16
1139 16
1140 16
1141 16
1142 16
1143 16
1144 16
1145 16
1146 16
1147 16
1148 16
1149 16
1150 16
1151 16
1152 16
1153 16
1154 16
1155 16
1156 16
1157 16
1158 16
1159 16
1160 16
1161 16
1162 16
1163 16
1164 16
1165 16
1166 16
1167 16
1168 16
1169 16
1170 16
1171 16
1172 16
1173 16
1174 16
1175 16
1176 16
1177 16
1178 16
1179 16
1180 16
1181 16
1182 16
1183 16
1184 16
1185 16
1186 16
1187 16
1188 16
1189 16
1190 24
1191 44
1192 17
1193 17
1194 28
1195 27
1196 36
1197 13
1198 17
1199 45
1200 17
1201 50
1202 17
1203 17
1204 17
1205 17
1206 17
1207 17
1208 17
1209 17
1210 17
1211 17
1212 17
1213 17
1214 17
1215 24
1216 17
1217 17
1218 17
1219 27
1220 17
1221 17
1222 17
1223 27
1224 17
1225 17
1226 17
1227 17
1228 50
1229 17
1230 17
1231 17
1232 17
1233 27
1234 17
1235 21
1236 12
1237 17
1238 27
1239 17
1240 17
1241 17
1242 17
1243 17
1244 17
1245 17,17,17,17,17,17,17,17,17
1246 17
1247 17
1248 17
1249 17
1250 8
1251 17
1252 17
1253 49
1254 17
1255 17
1256 17
1257 17
1258 17
1259 17
1260 18
1261 18
1262 18
1263 18
1264 18
1265 18
1266 18
1267 18
1268 18
1269 18
1270 18
1271 18
1272 18
1273 18
1274 18
1275 18
1276 18
1277 18
1278 18
1279 18
1280 18
1281 18
1282 18
1283 18
1284 18
1285 18
1286 18
1287 18
1288 18
1289 18
1290 18
1291 18
1292 18
1293 18
1294 18
1295 18
1296 18
1297 18
1298 18
1299 18
1300 18
1301 18
1302 18
1303 18
1304 18
1305 18,18
1306 18
1307 18
1308 33
1309 18
1310 18
1311 18
1312 18
1313 18
1314 18
1315 18
1316 18
1317 18
1318 18
1319 18
1320 18
1321 18
1322 18
1323 18
1324 33
1325 18
1326 18
1327 18
1328 18
1329 18
1330 37
1331 19
1332 19
1333 19
1334 19
1335 7
1336 19
1337 19
1338 19
1339 19
1340 19
1341 19
1342 19
1343 19
1344 19
1345 19
1346 19
1347 11
1348 19
1349 12
1350 19
1351 19
1352 19
1353 19
1354 19
1355 19
1356 19
1357 19
1358 19
1359 19
1360 19
1361 19
1362 37
1363 12
1364 37
1365 19
1366 19
1367 19
1368 19
1369 12
1370 19
1371 19
1372 19
1373 19
1374 45
1375 19
1376 19
1377 19
1378 19
1379 19
1380 19
1381 19
1382 19
1383 19
1384 19
1385 19
1386 19
1387 19
1388 12
1389 19
1390 32
1391 27
1392 27
1393 19
1394 19
1395 20
1396 19
1397 19
1398 19
1399 19
1400 20
1401 20
1402 20
1403 20
1404 20
1405 20
1406 20
1407 20
1408 19
1409 20
1410 20
1411 20
1412 45
1413 20
1414 20
1415 20
1416 20
1417 20
1418 20
1419 20
1420 20
1421 20
1422 20
1423 20
1424 20
1425 20
1426 20
1427 20
1428 20
1429 20
1430 20
1431 20
1432 20
1433 20
1434 20
1435 20
1436 20
1437 20
1438 20
1439 20
1440 20
1441 20
1442 20
1443 20
1444 20
1445 20
1446 20
1447 20
1448 20
1449 20
1450 20
1451 20
1452 33
1453 20
1454 20
1455 20
1456 20
1457 20
1458 20
1459 20
1460 20
1461 20
1462 19
1463 20
1464 20
1465 20
1466 20
1467 20
1468 20
1469 20
1470 45
1471 12
1472 21
1473 21
1474 21
1475 21
1476 12
1477 21
1478 21
1479 32
1480 42
1481 21
1482 21
1483 21
1484 21
1485 21
1486 27
1487 21
1488 21
1489 21
1490 21
1491 21
1492 21
1493 27
1494 21
1495 21
1496 21
1497 21
1498 21
1499 21
1500 21
1501 21
1502 21
1503 21
1504 27
1505 10
1506 27
1507 21
1508 21
1509 27
1510 42
1511 21
1512 21
1513 21
1514 42
1515 21
1516 21
1517 21
1518 27
1519 21
1520 21
1521 21
1522 21
1523 21
1524 21
1525 21
1526 21
1527 21
1528 21
1529 21
1530 21
1531 21
1532 21
1533 21
1534 21
1535 27
1536 21
1537 21
1538 21
1539 21
1540 22,22,22,22
1541 22
1542 22
1543 22
1544 22
1545 22
1546 22
1547 22
1548 22
1549 22
1550 22
1551 22
1552 10
1553 22
1554 22
1555 22,22,22,22
1556 22
1557 22
1558 22
1559 22
1560 22,22,22,22,22,22,22,22,22,22,22,22,22,22,22,22,22,22,22,22,22,22,22,22,22,22,22,22
1561 22,22,22,22,22,22,22,22,22,22,22,22,22,22,22,22,22,22,22,22,22,22,22,22,22,22,22,22,22,22,22,22,22,22,22,22,22,22,22
1562 22,22
1563 22,22,22,22
1564 22
1565 22
1566 22,22
1567 22,22,22,22,22,22,22,22,22,22,22
1568 22
1569 22,22,22,22,22,22,22
1570 22,22,22,22,22,22,22,22,22,22,22,22,22,22,22,22,22,22,22,22
1571 22,22,22,22,22,22
1572 22,22,22,22
1573 22,22,22,22,22,22,22,22,22,22,22,22,22
1574 22,22,22,22,22
1575 22,22,22,22,22,22,22,22,22,22,22,22,22,22,22,22,22,22,22,22,22,22,22,22,22,22,22,22,22,22,22,22,22,22,22,22,22,22,22,22,22,22,22,22,22,22,22,22,22,22,22,22
1576 22,22,22,22,22,22,22,22,22,22,22,22,22,22,22,22,22,22,22,22,22,22,22,22,22,22,22,22,22,22,22
1577 22,22,22,22,22,22
1578 22,22,22,22
1579 22,22,22,22,22,22,22,22,22
1580 22,22,22,22
1581 22
1582 22,22,22,22,22,22,22,22
1583 22,22,22,22,22,22,22,22,22,22,22,22
1584 22,22,22,22,22,22,22,22,22,22,22,22,22,22,22,22,22
1585 22,22,22,22,22,22,22,22
1586 22,22,22,22,22,22
1587 22,22,22,22,22,22,22,22,22
1588 22,22,22,22,22,22,22,22,22,22,22,22,22
1589 22,22,22,22,22,22,22,22
1590 22,22,22,22,22,22,22,22,22,22,22,22,22,22,22
1591 22,22,22,22,22,22,22,22,22,22,22
1592 22,22,22,22,22,22,22,22,22
1593 22,22,22
1594 22,22,22,22,22,22,22,22,22
1595 22
1596 22,22
1597 22
1598 22,22,22,22,22,22,22,22,22,22,22,22,22,22,22,22,22
1599 22,22,22,22,22,22,22,22,22,22,22,22,22,22,22,22,22,22,22,22,22,22,22,22,22,22
1600 22,22
1601 22
1602 22,22,22,22,22,22,22,22,22,22,22,22,22,22
1603 22,22,22,22,22,22,22,22,22,22,22,22,22,22,22,22,22
1604 22,22,22,22,22,22,22,22,22,22,22,22,22
1605 22
1606 22
1607 22
1608 22,22,22,22
1609 22
1610 23
1611 23,23,23,23,23,23,23
1612 23
1613 23
1614 23,23,23,23,23,23
1615 23
1616 23
1617 23
1618 23
1619 23
1620 23
1621 23,23,23,23
1622 23
1623 23,23,23,23,23,23,23,23,23,23,23
1624 23,23,23,23,23,23,23
1625 23,23,23,23
1626 23,23,23,23,23,23,23,23,23,23,23
1627 23,23,23,23,23,23,23
1628 23,23
1629 23,23,23,23,23,23,23,23,23,23,23,23,23,23,23,23,23,23,23,23,23
1630 23,23,23,23
1631 23
1632 23,23,23,23
1633 23,23,23
1634 23,23,23,23
1635 23,23,23,23,23,23,23,23,23,23,23,23
1636 23
1637 23,23,23,23,23,23,23,23,23,23,23,23,23,23,23,23
1638 23,23,23,23,23,23,23,23,23,23,23,23,23
1639 23,23,23,23,23,23,23,23,23,23,23,23,23,23
1640 23,23,23,23,23,23,23,23,23,23,23
1641 23,23,23,23,23
1642 23,23,23
1643 23
1644 23,23,23,23,23,23,23,23,23,23,23,23,23,23,23,23,23,23,23,23,23,23,23,23,23,23,23
1645 23,23,23,23,23,23
1646 23,23,23,23,23,23,23,23,23,23,23,23,23
1647 46
1648 23,23,23,23,23,23,23,23,23,23,23,23,23,23,23,23,23,23,23,23,23,23,23,23,23,23,23,23,23,23,23,23,23,23,23,23,23,23,23,23,23,23,23
1649 23,23,23,23,23,23,23,23,23,23,23,23,23,23
1650 23
1651 23,23,23
1652 23,23,23,23,23,23,23,23,23,23,23,23,23,23,23,23
1653 23
1654 23
1655 23,23,23,23,23,23,23,23,23,23,23,23,23
1656 23
1657 23,23,23,23,23,23,23
1658 23,23,23,23,23
1659 23,23,23,23,23,23,23,23,23,23,23,23,23,23,23,23,23,23,23,23,23,23,23,23,23,23,23,23,23,23
1660 23,23,23,23,23,23,23,23,23,23,23,23,23,23,23,23,23,23,23,23,23,23,23,23,23,23,23,23,23,23,23,23,23,23,23,23
1661 23,23,23,23,23,23,23,23,23,23,23,23,23,23,23,23,23,23,23,23,23,23,23,23,23,23,23,23,23,23,23,23
1662 23,23,23,23,23,23,23,23,23,23,23,23,23,23,23,23,23
1663 23,23,23,23,23
1664 23,23,23,23,23,23,23,23,23
1665 23,23,23,23,23,23,23,23,23,23,23,23,23,23,23,23,23,23,23,23,23,23,23,23
1666 23,23,23,23,23,23,23,23,23,23,23,23,23,23
1667 23,23,23,23,23,23,23
1668 23,23,23,23,23,23,23
1669 23,23,23,23,23,23,23,23,23
1670 23,23,23,23,23,23,23,23,23
1671 23,23,23,23,23,23,23,23,23,23
1672 23,23,23,23,23,23,23,23,23,23,23,23,23,23,23,23,23
1673 23,23,23,23,23,23,23
1674 23,23,23,23,23,23,23,23,23,23,23,23,23,23,23,23,23,23,23,23,23,23,23,23,23,23,23,23,23
1675 23,23,23,23,23,23
1676 23,23,23,23,23,23,23,23,23,23,23,23,23
1677 23,23,23,23,23,23,23
1678 23,23,23,23,23,23,23,23,23,23,23,23,23,23,23,23,23
1679 23,23,23
1680 24,24,24,24,24,24,24,24,24,24,24,24,24
1681 24
1682 24
1683 24
1684 24
1685 37
1686 24
1687 24
1688 24
1689 24
1690 24
1691 24
1692 24
1693 24
1694 24
1695 24
1696 24
1697 24
1698 24
1699 24
1700 24
1701 24
1702 24,24,24,24,24,24,24
1703 24
1704 24
1705 24
1706 37
1707 24
1708 24
1709 50
1710 24
1711 24
1712 24
1713 24
1714 24
1715 24
1716 24
1717 28
1718 24,24,24
1719 24
1720 24
1721 24
1722 24
1723 24
1724 24
1725 24
1726 24,24
1727 24
1728 24,24
1729 24
1730 24,24,24,24,24
1731 23
1732 24
1733 2
1734 24
1735 24
1736 24
1737 18
1738 24,24
1739 24
1740 24
1741 24
1742 24
1743 24
1744 24
1745 24
1746 24
1747 50
1748 24
1749 24
1750 25
1751 25
1752 25
1753 25
1754 25
1755 25
1756 25,25,25,25,25,25,25,25,25,25,25,25,25,25,25,25,25,25,25,25,25,25,25,25,25,25,25,25,25,25,25,25,25,25,25,25,25,25,25,25,25,25,25,25,25,25,25,25,25,25,25,25,25,25,25,25,25,25,25,25,25,25,25,25,25
1757 25
1758 25
1759 25
1760 25,25,25,25,25,25,25,25,25,25,25,25,25,25,25,25,25,25,25,25,25,25,25,25,25,25,25,25,25,25,25,25,25,25,25,25,25,25,25,25,25,25,25,25,25,25,25,25,25,25,25,25,25,25,25,25,25,25,25,25,25,25,25,25,25,25,25,25,25,25,25,25
1761 25,25,25,25,25,25
1762 25
1763 25
1764 25
1765 25
1766 25,25,25,25,25,25,25
1767 25
1768 25
1769 25
1770 25
1771 25,25,25,25,25,25
1772 25,25,25,25,25,25,25,25,25,25
1773 25
1774 25
1775 25
1776 25,25,25,25,25,25,25,25,25,25,25,25,25,25,25,25,25,25,25,25,25,25,25,25,25
1777 25,25,25,25
1778 25,25,25
1779 25,25,25,25,25,25,25,25,25,25,25,25,25,25,25
1780 25,25,25,25,25,25,25,25,25,25,25,25,25,25,25,25,25,25,25,25,25,25,25,25,25,25,25,25,25,25,25,25,25,25,25,25,25,25,25,25,25,25,25,25,25,25,25,25,25,25,25,25,25,25,25,25,25,25,25,25,25,25,25,25,25,25,25,25,25,25,25,25,25,25,25,25,25,25,25,25,25,25,25,25,25,25,25,25,25,25,25,25,25,25,25,25,25,25,25,25,25,25,25,25,25,25,25,25,25,25,25,25,25,25,25,25,25
1781 25,25,25,25,25,25,25,25,25,25,25,25,25,25,25,25,25,25,25,25,25,25,25,25,25,25,25,25,25,25,25
1782 25
1783 25
1784 25
1785 25,25,25,25,25,25
1786 25
1787 25,25,25,25,25,25,25,25,25
1788 25,25,25,25,25,25
1789 25
1790 25
1791 25,25,25,25,25,25,25,25,25,25,25,25
1792 25
1793 25,25,25,25,25,25
1794 25
1795 25
1796 25
1797 25
1798 25
1799 25
1800 25
1801 25,25,25
1802 25
1803 25
1804 25,25
1805 25,25
1806 25,25,25,25,25,25,25,25,25,25,25
1807 25,25,25,25,25,25,25,25
1808 25
1809 25,25,25,25,25,25,25,25,25,25,25,25,25,25,25,25
1810 25,25,25,25,25,25,25,25,25,25,25,25,25,25,25,25,25,25,25,25,25,25,25,25,25,25,25,25,25,25,25,25,25
1811 25
1812 25
1813 25
1814 25
1815 25
1816 25,25,25,25,25,25,25,25,25,25,25,25,25,25,25,25,25,25,25,25,25,25,25,25,25,25,25,25,25,25,25,25,25,25,25,25,25,25,25,25,25,25,25,25,25
1817 25,25,25,25,25,25
1818 25,25
1819 25
1820 26
1821 26
1822 26
1823 26
1824 26
1825 26
1826 26
1827 26
1828 26
1829 26
1830 26
1831 26
1832 26
1833 26
1834 26
1835 26
1836 26
1837 26
1838 26
1839 26
1840 26
1841 26
1842 26
1843 26
1844 26
1845 26
1846 26
1847 26
1848 26
1849 26
1850 26
1851 26
1852 26
1853 26
1854 26
1855 26
1856 26
1857 26
1858 26
1859 26
1860 26
1861 26
1862 26
1863 26
1864 26
1865 26
1866 26
1867 26
1868 26
1869 26
1870 26
1871 26
1872 26
1873 26
1874 26
1875 26
1876 26
1877 26
1878 26
1879 26
1880 26
1881 26
1882 26
1883 26
1884 26
1885 26
1886 26
1887 26
1888 26
1889 26
1890 27
1891 27
1892 27
1893 27
1894 27
1895 27
1896 27,27,27,27,27,27,27,27,27,27,27,27,27
1897 27
1898 42
1899 27
1900 27
1901 27
1902 27
1903 27
1904 27
1905 27
1906 10
1907 27
1908 27
1909 27
1910 10
1911 27
1912 27
1913 27
1914 27
1915 27
1916 27
1917 27
1918 27
1919 27
1920 27
1921 27
1922 27
1923 27
1924 27
1925 27
1926 27
1927 27
1928 27
1929 27
1930 27
1931 27
1932 27
1933 27
1934 50
1935 27
1936 27
1937 27
1938 27
1939 27
1940 27
1941 10
1942 27
1943 27
1944 27
1945 27
1946 27
1947 27
1948 27
1949 27
1950 27
1951 27
1952 27
1953 27
1954 27
1955 27
1956 27
1957 27
1958 27
1959 50
1960 28
1961 28
1962 28
1963 28
1964 28
1965 28
1966 28
1967 28
1968 28
1969 28
1970 28
1971 28
1972 28
1973 28
1974 28
1975 28
1976 28
1977 28
1978 28
1979 28
1980 28,28,28,28,28,28,28,28,28,28,28
1981 28
1982 28
1983 28
1984 28
1985 28
1986 28
1987 28
1988 28
1989 28
1990 28
1991 28
1992 28
1993 28,28,28,28,28,28
1994 28,28,28,28
1995 28,28,28
1996 28
1997 28
1998 28
1999 27
2000 28
2001 28
2002 28
2003 28,28,28,28
2004 28
2005 28
2006 28
2007 28
2008 28
2009 28
2010 28
2011 28
2012 28
2013 28
2014 28
2015 28
2016 28
2017 28
2018 28
2019 28
2020 28
2021 28
2022 28
2023 28
2024 28
2025 28
2026 28
2027 28
2028 28
2029 28
2030 29
2031 29
2032 29
2033 29
2034 29
2035 29
2036 29
2037 29
2038 29
2039 29
2040 29
2041 29
2042 29
2043 29
2044 29
2045 29
2046 29
2047 29
2048 29
2049 29
2050 29
2051 29,29
2052 29,29,29,29,29,29,29,29,29,29,29,29,29
2053 29,29,29,29,29,29,29,29,29,29,29,29,29
2054 29,29,29
2055 29,29,29,29
2056 29,29
2057 29,29,29,29,29
2058 29
2059 29
2060 29
2061 29
2062 29
2063 29
2064 29
2065 29
2066 29
2067 29
2068 29
2069 29
2070 29
2071 29
2072 29
2073 29
2074 29
2075 29
2076 29
2077 29
2078 29
2079 29
2080 29
2081 29
2082 29
2083 29
2084 29
2085 29
2086 29
2087 29
2088 29
2089 29
2090 29
2091 29
2092 29
2093 29
2094 29
2095 29
2096 29
2097 29
2098 29
2099 29
2100 30
2101 30
2102 30
2103 30
2104 30
2105 30,30,30,30,30,30,30,30,30,30,30,30,30,30,30
2106 30,30,30,30,30,30
2107 30
2108 30,30,30,30,30,30,30
2109 30
2110 30
2111 30
2112 30
2113 30
2114 30
2115 30
2116 30
2117 30
2118 30
2119 30
2120 30
2121 30
2122 30
2123 30
2124 30
2125 30
2126 30
2127 30
2128 30
2129 30,30
2130 30,30
2131 30,30,30,30
2132 30,30
2133 30
2134 30,30,30,30,30,30,30,30,30
2135 30,30,30,30,30
2136 30
2137 30
2138 30
2139 30
2140 30
2141 30
2142 30
2143 30
2144 30
2145 30
2146 32
2147 30
2148 30
2149 30
2150 30
2151 30
2152 30
2153 30
2154 30
2155 30
2156 30
2157 30
2158 30
2159 30
2160 30
2161 30
2162 30
2163 30
2164 30
2165 30,30,30
2166 30
2167 30
2168 30
2169 30
2170 31
2171 31
2172 31
2173 31,31,31,31,31,31,31,31
2174 31,31,31,31,31,31,31,31,31,31,31,31,31,31,31,31,31,31,31,31,31
2175 31,31,31,31,31,31,31,31,31
2176 31
2177 31,31,31,31,31,31,31,31,31,31,31,31,31,31,31,31,31,31,31,31,31,31,31,31,31,31,31,31,31,31,31,31,31,31,31,31,31,31
2178 31,31,31,31,31,31,31,31,31,31,31,31,31,31,31,31,31,31,31,31,31,31,31,31,31,31,31,31,31,31
2179 31
2180 31
2181 31,31,31,31,31,31,31,31,31,31,31,31,31,31,31,31,31,31,31,31,31,31,31,31,31,31,31,31
2182 31,31,31
2183 31,31,31,31,31,31,31,31,31,31,31,31
2184 31
2185 31,31
2186 31,31,31,31,31
2187 31,31
2188 31,31,31,31,31,31,31,31,31,31,31,31,31,31,31,31,31,31,31,31,31,31,31,31,31,31,31,31,31,31,31
2189 31,31,31,31,31,31,31,31,31,31,31,31,31,31,31,31,31,31,31,31,31,31,31,31
2190 31
2191 31,31
2192 31
2193 31
2194 31
2195 31
2196 31
2197 31
2198 31,31,31,31,31,31,31,31,31,31
2199 31
2200 31,31,31,31,31,31,31,31,31,31,31,31,31,31,31,31,31,31,31,31,31,31,31,31,31,31
2201 31,31,31,31,31,31,31,31,31,31,31,31,31,31,31,31,31,31,31,31,31
2202 31,31,31,31,31,31
2203 31
2204 31
2205 31
2206 31,31,31,31
2207 31,31,31,31,31,31,31,31
2208 31
2209 31
2210 31
2211 31
2212 31
2213 31
2214 31,31,31,31,31,31
2215 31,31,31
2216 31
2217 31,31,31,31,31,31,31,31,31,31,31
2218 31,31,31,31,31,31,31
2219 31,31,31
2220 31,31,31,31,31,31,31,31,31,31,31,31,31,31,31,31,31
2221 31,31,31,31,31,31,31,31,31,31,31,31,31,31,31,31,31,31,31,31,31
2222 31
2223 31,31,31,31,31,31,31,31,31
2224 31,31,31,31,31,31,31,31,31,31,31,31,31,31,31,31,31,31,31,31,31,31,31
2225 31,31,31
2226 31,31
2227 31,31
2228 31,31
2229 31
2230 31
2231 31
2232 31,31,31,31
2233 31
2234 31
2235 31
2236 31
2237 31
2238 31
2239 31
2240 32
2241 49
2242 32
2243 32
2244 32
2245 32
2246 32
2247 32
2248 32
2249 32
2250 10
2251 32
2252 32
2253 42
2254 32
2255 49
2256 42
2257 32
2258 32
2259 32
2260 32
2261 48
2262 32
2263 32
2264 42
2265 32
2266 32
2267 32
2268 49
2269 32
2270 32
2271 32
2272 32
2273 32
2274 32
2275 32
2276 32
2277 21
2278 49
2279 32
2280 32
2281 32
2282 32
2283 21
2284 27
2285 32
2286 32
2287 27
2288 32
2289 32
2290 32
2291 32
2292 32
2293 32
2294 32
2295 32
2296 32
2297 32
2298 6
2299 32
2300 32
2301 32
2302 6
2303 32
2304 32
2305 32
2306 32,32,32,32
2307 20
2308 32
2309 32
2310 33
2311 33
2312 33
2313 33
2314 33,33
2315 33
2316 33
2317 33
2318 33
2319 33
2320 33
2321 33
2322 33
2323 33
2324 33
2325 33
2326 33
2327 33
2328 33
2329 33
2330 33
2331 33
2332 33
2333 33
2334 33
2335 33
2336 33
2337 33
2338 33
2339 33
2340 33
2341 33
2342 33
2343 33
2344 33
2345 33
2346 33
2347 33
2348 33
2349 33
2350 33
2351 33
2352 33
2353 33
2354 33
2355 33
2356 33
2357 33
2358 33
2359 33
2360 33
2361 33
2362 33
2363 33
2364 33
2365 33
2366 33
2367 33
2368 33
2369 33
2370 33
2371 33
2372 33
2373 33
2374 33
2375 33
2376 33
2377 33
2378 33
2379 33
2380 34
2381 34
2382 34
2383 34
2384 34
2385 34
2386 34
2387 34
2388 34
2389 34
2390 34
2391 34
2392 34
2393 34
2394 34
2395 34
2396 34
2397 34
2398 34
2399 34
2400 34
2401 34
2402 34
2403 34
2404 34
2405 34
2406 34
2407 34
2408 34
2409 34
2410 34
2411 34
2412 34
2413 34,34
2414 34
2415 34,34,34
2416 34
2417 34,34,34,34
2418 34
2419 34
2420 34
2421 34
2422 34
2423 34
2424 34
2425 34
2426 34
2427 34
2428 34
2429 34
2430 34
2431 34
2432 34
2433 34
2434 34
2435 34
2436 34
2437 34
2438 34
2439 34
2440 34
2441 34
2442 34
2443 34
2444 34
2445 34
2446 34
2447 34
2448 34
2449 34
2450 35,35,35,35,35,35,35,35,35,35,35,35,35,35
2451 35,35,35,35,35,35,35,35,35,35,35,35,35,35,35,35,35
2452 35
2453 35
2454 35
2455 35
2456 35
2457 35,35,35,35,35,35,35,35
2458 35,35,35,35,35,35,35,35,35,35,35,35,35,35,35,35,35,35,35,35,35,35,35,35,35,35,35,35,35,35,35,35,35,35,35,35,35,35,35,35,35,35,35,35,35
2459 35,35,35,35,35,35,35,35,35,35,35,35,35,35,35,35,35,35,35,35,35,35,35,35,35,35,35,35,35,35,35,35,35,35,35,35,35,35,35,35,35,35,35
2460 35,35,35,35,35,35,35,35,35,35,35,35
2461 35,35,35,35,35,35,35,35,35,35,35,35,35,35,35,35,35,35,35,35,35
2462 35,35,35,35,35,35,35,35,35,35,35,35,35,35,35,35,35,35,35
2463 35,35,35,35,35,35,35,35,35,35
2464 35
2465 40
2466 13
2467 35
2468 10
2469 35,35,35,35,35,35,35,35,35,35,35,35,35,35,35,35,35,35,35,35,35,35,35,35
2470 35,35,35,35,35,35,35,35,35,35,35,35,35,35,35,35,35,35,35,35,35,35,35,35,35,35,35,35,35,35
2471 35,35,35,35,35,35,35,35,35,35,35,35,35,35,35,35,35,35,35,35,35
2472 35,35,35,35,35,35,35,35,35,35,35,35,35,35,35
2473 35,35,35,35,35,35,35,35,35,35,35,35,35,35,35,35,35,35,35,35,35,35,35
2474 35,35,35,35,35,35,35,35,35,35,35,35,35,35,35,35,35,35,35,35,35,35,35,35,35,35
2475 35,35,35,35,35,35,35,35,35,35
2476 35,35,35,35,35,35,35,35,35,35,35,35,35,35,35,35,35,35,35,35,35
2477 35,35,35,35,35,35,35,35,35,35,35,35,35,35,35,35,35,35,35,35,35,35,35,35
2478 35,35,35,35,35,35,35,35,35
2479 35,35,35,35,35,35,35,35
2480 35,35,35,35,35,35,35,35,35,35,35,35,35,35,35,35,35,35,35,35,35,35,35,35
2481 35,35
2482 35,35,35,35,35,35,35,35,35,35,35,35,35,35,35,35,35,35,35,35
2483 35,35,35,35,35,35,35,35,35,35,35,35,35,35,35,35,35,35,35,35,35,35,35,35,35,35,35,35,35,35,35,35,35,35,35,35,35,35,35,35,35
2484 35,35,35,35,35,35,35,35,35,35,35,35,35,35,35,35,35
2485 35,35,35,35,35,35,35,35,35,35,35,35,35,35,35,35,35,35,35,35,35,35,35,35,35,35,35,35,35,35,35
2486 35,35,35,35,35,35,35,35,35,35,35,35,35,35,35,35,35,35,35,35,35,35,35
2487 35,35,35,35,35,35,35,35,35,35,35,35,35,35,35,35,35,35,35,35,35,35
2488 35,35,35,35,35,35,35,35,35,35,35,35,35,35,35,35,35,35,35,35,35,35,35,35,35,35,35,35,35,35,35,35,35,35
2489 35,35,35,35,35,35,35,35,35,35
2490 35,35,35,35,35,35,35,35,35,35,35,35,35,35,35,35,35,35,35,35,35,35,35,35
2491 35,35,35,35,35,35,35,35
2492 35,35,35,35,35,35,35,35,35,35,35,35
2493 35,35,35,35,35,35,35,35,35,35,35,35,35,35,35,35,35,35,35,35,35,35,35,35,35,35,35,35,35,35,35,35,35
2494 35,35,35,35,35,35,35,35,35
2495 35
2496 35
2497 35
2498 35
2499 35,35,35
2500 35
2501 35
2502 35
2503 35
2504 35
2505 35
2506 35
2507 6
2508 35
2509 35,35,35,35,35,35,35,35,35,35,35,35,35
2510 35,35,35,35,35,35,35,35,35,35,35,35,35,35,35,35,35,35,35,35,35,35,35
2511 35,35,35,35,35,35,35,35,35,35,35,35,35,35,35,35,35,35,35,35,35,35,35,35,35,35
2512 35,35,35,35,35,35,35,35,35,35,35,35,35,35,35
2513 35,35,35,35,35,35,35,35,35,35
2514 35,35,35,35,35,35,35,35,35,35,35
2515 35,35,35,35,35,35,35,35,35,35,35,35,35,35
2516 35,35,35,35,35,35,35,35,35,35,35,35,35
2517 35,35,35,35,35,35,35,35,35,35,35,35,35,35,35,35,35
2518 35,35,35,35,35,35,35,35,35,35,35,35,35,35,35,35,35
2519 35,35,35,35,35,35,35,35,35,35,35,35,35,35,35,35,35,35,35,35,35,35,35,35,35,35,35,35
2520 36
2521 36
2522 36
2523 36
2524 36,36,36,36,36,36,36,36,36,36,36,36
2525 36,36,36,36,36
2526 36
2527 36
2528 36
2529 36,36,36,36,36,36,36,36,36,36,36,36,36,36,36,36,36,36,36,36
2530 36
2531 36,36,36,36
2532 36,36,36,36,36,36,36,36,36,36,36,36,36,36
2533 36,36,36,36,36,36,36,36,36,36,36,36,36,36,36,36,36,36,36,36
2534 36,36,36,36,36,36
2535 36,36,36,36,36,36,36,36,36,36
2536 36
2537 36
2538 36
2539 10
2540 36
2541 36
2542 36
2543 46
2544 36
2545 31
2546 36
2547 36
2548 36
2549 36,36,36,36,36
2550 36,36
2551 36,36,36,36,36,36,36,36,36,36,36,36,36,36,36,36,36,36,36,36,36,36,36,36,36,36,36,36,36,36
2552 36,36,36,36,36,36,36,36,36,36,36,36,36,36,36,36,36,36,36,36,36,36,36,36,36,36,36,36,36,36,36,36,36,36,36
2553 36,36
2554 36
2555 36
2556 36
2557 36
2558 36
2559 36
2560 36
2561 36
2562 27
2563 45
2564 46
2565 36
2566 36
2567 36
2568 35
2569 10
2570 36
2571 0
2572 36
2573 36
2574 36
2575 36
2576 36
2577 36
2578 36
2579 36
2580 36
2581 36
2582 36
2583 36
2584 36
2585 36
2586 36
2587 36
2588 36
2589 36
2590 37
2591 37
2592 37,37,37,37
2593 37
2594 37
2595 37
2596 37
2597 42
2598 37
2599 37
2600 37
2601 37
2602 37
2603 37
2604 42
2605 37
2606 37
2607 42
2608 37
2609 37,37
2610 37,37,37,37,37,37,37,37
2611 37
2612 37
2613 37
2614 37
2615 37
2616 37
2617 42
2618 11
2619 50
2620 37
2621 37
2622 11
2623 37
2624 37
2625 37
2626 37,37
2627 37,37
2628 11
2629 48
2630 37
2631 42
2632 37
2633 37,37
2634 50
2635 37
2636 37
2637 37
2638 50
2639 50
2640 37
2641 37
2642 37
2643 37
2644 37
2645 37
2646 37
2647 37
2648 10
2649 50
2650 37,37
2651 37
2652 42
2653 37
2654 42
2655 37
2656 42
2657 37
2658 37
2659 37
2660 38
2661 38
2662 38
2663 38
2664 38
2665 38
2666 38
2667 38
2668 38,38
2669 38
2670 38
2671 38
2672 38
2673 38
2674 38
2675 38
2676 38
2677 38,38
2678 38,38,38,38,38
2679 38,38,38,38,38
2680 38
2681 38
2682 38
2683 38
2684 38
2685 38
2686 38
2687 38
2688 38
2689 38
2690 38
2691 38
2692 38
2693 38
2694 38
2695 38
2696 38
2697 38
2698 38
2699 38
2700 38
2701 38
2702 38
2703 38
2704 38
2705 38
2706 38
2707 38
2708 38
2709 38
2710 38
2711 38
2712 38
2713 38
2714 38
2715 38
2716 38
2717 38
2718 38
2719 38
2720 38
2721 38
2722 38
2723 38
2724 38
2725 38
2726 38
2727 38
2728 38
2729 38
2730 39
2731 39
2732 39
2733 39
2734 39
2735 39
2736 39
2737 39
2738 39
2739 39
2740 39
2741 39
2742 39
2743 39
2744 39
2745 39
2746 10
2747 39
2748 39
2749 39
2750 39
2751 39
2752 39
2753 39
2754 39
2755 39
2756 39
2757 39
2758 39
2759 39
2760 39
2761 39
2762 39
2763 39
2764 39
2765 39
2766 39
2767 39
2768 39
2769 39
2770 3
2771 39
2772 39
2773 39
2774 39
2775 39
2776 39
2777 39
2778 39
2779 39
2780 39
2781 39
2782 39
2783 39
2784 39
2785 39
2786 39
2787 39
2788 39
2789 39
2790 39
2791 39
2792 39
2793 39
2794 39
2795 39,39,39,39,39,39,39,39
2796 46
2797 39
2798 39
2799 39,39
2800 46
2801 40
2802 40
2803 40,40,40,40,40,40,40,40
2804 39
2805 40
2806 23
2807 40,40,40,40,40,40,40,40,40,40,40,40,40
2808 40,40,40,40,40,40,40,40,40,40,40,40,40,40,40
2809 40,40,40,40,40,40,40,40,40
2810 40,40,40,40
2811 40,40,40,40,40,40
2812 40
2813 40
2814 40
2815 40
2816 40
2817 40
2818 22
2819 40,40,40
2820 40
2821 40
2822 40
2823 40,40,40,40,40,40,40,40,40,40,40,40,40,40,40,40,40,40
2824 40,40,40,40,40,40
2825 40
2826 40
2827 40
2828 40
2829 40
2830 40
2831 40
2832 40
2833 40,40,40,40,40
2834 40
2835 40
2836 40,40
2837 40,40
2838 40,40,40,40
2839 40,40,40,40,40,40,40,40,40,40,40,40,40,40,40,40,40,40,40,40
2840 40,40,40,40,40,40,40,40,40,40,40,40,40,40,40
2841 40,40,40,40
2842 40
2843 40,40,40,40,40,40,40,40,40,40,40,40,40,40,40,40,40
2844 10
2845 40,40,40,40,40,40,40,40,40,40,40,40,40
2846 40
2847 40,40,40
2848 40
2849 40
2850 40
2851 40
2852 40,40,40,40,40,40,40,40,40,40
2853 40
2854 40
2855 40
2856 40,40,40,40,40,40,40
2857 40,40,40,40
2858 40,40,40,40,40,40
2859 40,40,40,40,40,40,40,40,40,40,40,40
2860 40,40,40,40,40,40,40,40,40,40,40,40,40,40,40,40,40,40,40
2861 40,40,40,40,40,40,40,40,40
2862 40
2863 40,40,40,40,40,40,40,40,40,40,40,40,40
2864 40,40,40,40,40,40,40,40,40,40,40,40,40
2865 40,40,40,40,40,40,40,40,40,40,40,40,40,40,40,40,40,40,40,40,40,40,40,40,40,40,40,40,40,40,40,40,40,40,40,40,40,40,40,40
2866 40,40,40,40,40,40,40,40,40,40,40,40,40,40,40,40,40,40,40,40,40,40,40,40
2867 40,40,40,40,40,40,40,40,40,40,40,40,40,40
2868 40,40,40,40,40,40,40,40,40,40,40,40,40,40,40,40,40,40,40,40,40,40,40,40,40,40,40,40,40,40,40
2869 40,40,40,40,40,40,40,40,40,40,40,40,40
2870 41
2871 41
2872 41
2873 41
2874 41
2875 41
2876 41
2877 41
2878 41
2879 41
2880 41
2881 41
2882 41
2883 41
2884 41
2885 41
2886 41
2887 41
2888 41
2889 41
2890 41
2891 41
2892 28
2893 41
2894 41
2895 41
2896 41
2897 41
2898 41
2899 41
2900 41
2901 41
2902 41
2903 41
2904 41
2905 41
2906 41
2907 41
2908 41
2909 41
2910 41
2911 41
2912 41
2913 41
2914 41
2915 41
2916 41
2917 41
2918 6
2919 41
2920 41
2921 41
2922 41
2923 41
2924 41
2925 41
2926 41
2927 12
2928 41
2929 41
2930 41
2931 41
2932 41
2933 41
2934 41
2935 41
2936 41
2937 41
2938 41
2939 41
2940 42
2941 27
2942 42
2943 42
2944 42
2945 42
2946 42
2947 42
2948 42
2949 42
2950 42
2951 42
2952 11
2953 42
2954 42
2955 42,42,42,42,42,42,42,42,42,42,42,42,42,42
2956 10
2957 42
2958 42
2959 42
2960 37
2961 42
2962 42
2963 10
2964 42
2965 42
2966 22
2967 42
2968 42
2969 42
2970 42
2971 42
2972 42
2973 42
2974 42
2975 27
2976 42
2977 42
2978 42
2979 42
2980 42
2981 42
2982 42
2983 42
2984 42
2985 42
2986 42,42
2987 42
2988 42
2989 42
2990 42
2991 42
2992 42
2993 10
2994 42
2995 42
2996 10
2997 42
2998 42
2999 42
3000 42
3001 50
3002 42
3003 42
3004 42
3005 42
3006 42
3007 42
3008 42
3009 42
3010 43,43
3011 43
3012 43
3013 43
3014 43,43,43,43,43,43,43,43,43,43,43
3015 43,43,43,43,43,43,43,43,43,43,43,43,43,43,43,43,43,43,43,43,43,43,43
3016 43,43,43,43,43,43,43,43,43,43,43,43
3017 43,43,43
3018 43
3019 43,43,43,43
3020 43
3021 43,43
3022 43,43
3023 43
3024 43,43,43,43,43,43,43,43,43,43,43,43,43,43,43,43,43,43
3025 43,43,43,43,43,43,43,43,43,43,43,43,43,43,43,43,43,43,43,43,43,43,43,43,43,43,43
3026 43,43,43,43,43,43,43,43,43,43,43
3027 43,43,43
3028 43
3029 43,43,43,43,43,43,43,43,43,43,43,43,43
3030 43,43,43,43,43,43,43,43,43,43,43,43,43,43,43,43
3031 12
3032 43
3033 43
3034 43
3035 43,43
3036 43
3037 43
3038 43,43,43,43,43,43,43,43,43,43,43,43,43,43,43,43,43,43,43,43,43,43,43,43,43,43,43,43,43,43,43,43
3039 43
3040 43,43
3041 43
3042 43,43
3043 43,43,43,43,43,43,43,43,43,43,43,43,43,43,43,43,43,43,43,43,43,43,43,43,43,43,43,43
3044 43,43,43,43,43,43,43,43,43,43,43,43,43,43,43,43,43,43,43,43,43,43,43
3045 43
3046 43,43,43,43
3047 13
3048 43,43,43,43,43,43,43,43,43,43,43,43,43,43,43,43,43,43,43,43
3049 43
3050 43,43,43,43,43,43,43,43
3051 43
3052 43
3053 43
3054 43,43
3055 43,43,43,43
3056 43
3057 43,43,43,43
3058 43
3059 43,43
3060 43
3061 43
3062 43
3063 43
3064 43
3065 43
3066 43,43
3067 43
3068 43,43,43,43,43
3069 43
3070 43
3071 43,43
3072 43
3073 43,43
3074 43,43,43
3075 43
3076 43
3077 43
3078 43
3079 43
3080 44
3081 44
3082 44
3083 44
3084 8
3085 44
3086 44
3087 44
3088 44
3089 44
3090 44
3091 44
3092 44
3093 44
3094 31
3095 44
3096 44
3097 44,44,44,44,44,44,44,44,44,44,44,44,44,44,44,44,44
3098 44,44,44,44,44,44,44,44
3099 44
3100 44,44,44,44,44,44,44,44,44,44,44,44,44,44,44,44,44,44,44,44,44,44,44,44,44
3101 44
3102 44
3103 44
3104 44
3105 44
3106 44
3107 44
3108 44
3109 44
3110 44
3111 44
3112 44
3113 44
3114 44
3115 44
3116 44
3117 44
3118 44
3119 44
3120 44
3121 44
3122 44
3123 44,44,44,44,44,44,44,44,44,44,44,44,44,44,44,44,44,44,44,44,44,44,44
3124 44
3125 44
3126 44
3127 44
3128 8
3129 44,44,44,44,44,44,44,44,44,44
3130 44,44,44,44
3131 44,44,44,44,44,44,44,44,44,44,44,44,44,44,44,44,44
3132 44,44,44,44,44,44,44,44,44,44,44,44,44,44,44,44,44,44,44,44,44
3133 44
3134 44,44,44,44,44,44
3135 44,44,44,44,44,44
3136 44,44,44,44
3137 44
3138 44
3139 44
3140 44
3141 44
3142 44
3143 44
3144 44
3145 44
3146 44,44,44,44
3147 42
3148 44,44,44,44,44,44,44,44,44,44,44,44,44,44,44,44,44,44
3149 44
3150 45
3151 45
3152 45
3153 45
3154 45
3155 45
3156 45
3157 45
3158 45
3159 27
3160 27
3161 45
3162 45
3163 45
3164 45
3165 45
3166 45
3167 45
3168 45
3169 45
3170 45
3171 45,45,45,45,45,45,45,45,45,45,45,45,45,45,45,45,45,45
3172 45
3173 45
3174 45
3175 45
3176 45
3177 45
3178 45
3179 45
3180 45
3181 44
3182 45
3183 45
3184 45
3185 8
3186 45
3187 45
3188 45
3189 45
3190 45
3191 45
3192 45
3193 45
3194 45
3195 45,45,45,45
3196 45
3197 45
3198 0
3199 45
3200 45
3201 45
3202 45
3203 45
3204 45
3205 45
3206 45
3207 45
3208 45,45,45,45,45,45,45,45,45,45,45
3209 45
3210 45
3211 45
3212 45
3213 45
3214 45
3215 45
3216 21
3217 45,45,45,45,45,45,45,45,45,45,45,45,45,45,45,45,45,45,45,45,45,45,45,45,45,45,45,45
3218 45
3219 45
3220 46
3221 46,46,46,46,46,46
3222 46
3223 46
3224 46,46,46,46,46
3225 46
3226 46,46,46,46,46
3227 46
3228 46,46
3229 46
3230 46
3231 46
3232 46
3233 46,46,46,46,46
3234 46
3235 46
3236 46,46,46,46,46,46
3237 46
3238 46,46,46,46,46
3239 46
3240 46,46,46,46,46,46,46,46,46,46
3241 46
3242 46
3243 46,46
3244 46
3245 46,46,46,46,46,46,46
3246 46
3247 46,46,46,46,46
3248 46,46,46,46,46,46,46,46,46,46,46,46
3249 46
3250 46
3251 46,46,46
3252 46,46,46,46,46
3253 46,46,46,46,46,46,46
3254 46
3255 46,46,46,46,46,46,46,46,46,46,46,46,46,46,46
3256 46,46,46,46,46,46,46,46,46,46,46,46,46,46,46,46,46,46,46,46,46
3257 46,46,46,46,46
3258 46,46,46,46,46,46
3259 46,46,46,46,46,46,46,46,46,46,46
3260 46
3261 46
3262 46
3263 46,46,46
3264 46
3265 46
3266 46,46,46,46,46,46,46,46
3267 46
3268 46
3269 46,46,46,46,46,46,46,46
3270 46,46,46,46,46,46,46,46,46,46,46,46,46,46,46,46,46,46
3271 46
3272 46,46,46,46,46,46,46,46,46,46,46,46,46,46,46,46,46,46,46,46,46,46,46,46,46,46,46,46,46,46,46,46,46,46,46,46,46,46,46,46,46,46,46,46,46,46,46,46,46,46,46,46,46,46,46,46,46,46,46,46,46,46,46,46,46,46,46,46,46,46,46,46,46,46,46,46,46,46,46,46,46,46,46,46,46,46,46,46,46,46
3273 46,46
3274 46,46,46,46,46,46,46,46,46,46,46,46,46,46,46
3275 46,46,46,46,46,46,46,46,46,46,46,46,46,46,46
3276 46
3277 46,46,46,46
3278 46,46,46
3279 46
3280 46
3281 46
3282 46,46,46,46,46,46,46
3283 46
3284 46
3285 46
3286 46
3287 46,46,46,46
3288 46,46
3289 46,46,46,46,46
3290 19
3291 47
3292 47
3293 47,47,47,47,47,47
3294 47
3295 47
3296 47
3297 47
3298 47
3299 47,47,47,47,47,47,47,47,47,47,47,47,47,47,47,47,47,47,47,47,47,47,47,47,47,47,47,47,47,47,47,47,47,47,47,47,47,47,47,47,47,47,47,47,47,47,47,47,47,47,47,47,47,47,47,47,47,47,47,47,47,47,47,47,47,47,47,47,47,47,47
3300 47
3301 47
3302 47
3303 47
3304 47
3305 47
3306 47,47,47,47
3307 47,47
3308 47
3309 47,47
3310 47
3311 47
3312 47
3313 47
3314 47
3315 47
3316 47
3317 47
3318 47
3319 47
3320 47,47
3321 47
3322 47
3323 47
3324 47
3325 47
3326 47
3327 47
3328 47
3329 2
3330 47
3331 13
3332 37
3333 47
3334 47
3335 37
3336 47
3337 47
3338 47
3339 42
3340 47
3341 42
3342 47
3343 47
3344 47,47,47,47,47,47,47,47,47,47,47,47,47
3345 47
3346 47
3347 27
3348 47
3349 47
3350 27
3351 47
3352 47
3353 47
3354 47
3355 47
3356 47
3357 47
3358 47,47,47,47,47,47,47,47,47,47,47,47,47,47,47,47,47,47,47,47,47,47,47,47,47,47,47,47,47,47,47,47,47,47,47,47,47,47,47,47,47,47,47,47,47,47,47,47,47,47,47,47,47,47,47,47,47,47,47,47,47,47,47,47,47,47,47,47,47,47,47,47,47,47,47,47,47
3359 47
3360 48
3361 10
3362 48
3363 48
3364 50
3365 48
3366 48
3367 48
3368 10
3369 48
3370 48
3371 10
3372 50
3373 48
3374 48
3375 42
3376 48
3377 48
3378 48
3379 48
3380 48
3381 48
3382 42
3383 10
3384 48
3385 48
3386 10
3387 48
3388 50
3389 48
3390 48
3391 48
3392 48
3393 10
3394 48
3395 10
3396 48
3397 48
3398 48
3399 48
3400 48
3401 46
3402 48,48
3403 10
3404 48
3405 48
3406 48
3407 48
3408 48
3409 10
3410 48
3411 48
3412 48
3413 48
3414 48
3415 48
3416 50
3417 48
3418 48
3419 48
3420 10
3421 48
3422 10
3423 48
3424 48
3425 48
3426 48
3427 42
3428 48
3429 48
3430 48
3431 49
3432 49
3433 49
3434 46
3435 49
3436 49
3437 49
3438 49
3439 48
3440 49
3441 49
3442 50
3443 49
3444 48
3445 49
3446 49,49
3447 49
3448 49
3449 49
3450 49,49
3451 48
3452 49
3453 49
3454 48
3455 49
3456 49
3457 49
3458 49
3459 49
3460 50
3461 49
3462 49
3463 49
3464 49
3465 48
3466 49
3467 49
3468 48
3469 48
3470 49
3471 49
3472 49
3473 49
3474 49
3475 49
3476 49
3477 49
3478 49
3479 49,49,49,49,49
3480 49
3481 49
3482 49
3483 50
3484 49
3485 49
3486 49,49,49,49,49,49,49,49,49,49,49,49,49,49,49
3487 49
3488 42
3489 49,49,49,49,49,49,49,49,49,49,49,49,49
3490 49
3491 49,49,49,49,49
3492 49,49,49,49,49
3493 49
3494 49,49,49,49,49,49,49,49,49,49,49,49
3495 49
3496 49
3497 49
3498 49,49,49,49,49
3499 49
3500 10
3501 50
3502 50
3503 50
3504 50
3505 10
3506 50
3507 50
3508 50
3509 50
3510 50
3511 50
3512 50
3513 50
3514 50
3515 50,50
3516 50
3517 50
3518 50
3519 50
3520 50
3521 50
3522 50
3523 50
3524 50
3525 50
3526 50
3527 50
3528 10
3529 50
3530 50
3531 50
3532 50
3533 50
3534 50
3535 50
3536 50
3537 50,50,50
3538 50,50,50,50,50,50,50,50
3539 50
3540 50
3541 50
3542 46
3543 50
3544 50
3545 50
3546 50
3547 50
3548 50
3549 50
3550 10
3551 50
3552 50
3553 50
3554 50
3555 50
3556 50
3557 50,50,50,50,50,50,50,50,50
3558 50,50,50,50,50,50
3559 50,50
3560 50
3561 50
3562 50
3563 50
3564 50,50,50,50,50,50,50,50,50,50
3565 50
3566 50
3567 50
3568 50
3569 50,50,50
